333333333333333333333333333333333333333333333333333333333333333333333333333333333333333333333333333333333333
333333333333333333333333333333333333333333333333333333333333333333333333333333333333333333333333333333333333
333333333333333333333333333333333333333333333333333333333333333333333333333333333333333333333333300000000033
333333333333333333333333333333333333333333333333333333333333333333333333333333333333333333333000000000000033
333333333333333333333333333333333333333333333333333333333333333333333333333333333333333330000000000000000033
333333333333333333333333333333333333333333333333333333333333333333330000003333333333333000000000000000005033
333333333333333333333333333333333333333333333333333333333333333300000200000033333333300000000000000000033333
333333333333333333333333333333333333300033333333330000000000000000000000000000333300000000000000000000033333
000000003333333333333333333333333333300003333333000000000000000000000000000000300000000000017777771000033333
000000000000000000000333333333333333001000333300000000000000000000000000000000000060000177717777771000033333
000000000000000000000000333333333330000000330000000000000000000000000100000001110000000177717777771000033333
000000000000000000000000000333333300000000300000000031103310001100001100001330003333333377733333333000033333
000000000000000000000000000003333300000332000000000000000000000000011100000030000003333333333300000000003333
000000000000000000000000000000333000133300000000600000000000006000111100000032000000000000000000000000000333
000000000000060003000000000000330000000000000030000000000000000001111100000300000000000000000000000000000333
333333000000000033000000000000030000000000000033333333333333333333313300000300000000000000000033333000003333
333333444444444430600000000000000000000000000033333333333333333133133300000330000333000030000333333330000333
333333333333333333001111000000000000000000000333330000333333333133333000000377733300000000000300000030000333
333333333333333333333111000000000000001111111330000000000000000000000000000377730000000000000000000031000333
333333333333333333331310000000000000000113133300000000000000000000000000000333330000000000000000000000000333
333333333333333333333300000000000000000033300000012101000333333333333300000000000000000000000000000000000333
333333333333333333333300000000000000000033000000000000003333333333333300000000000000000000000000000000060333
333333333333333333333300000000111000000333000000000000033333333333333300000000000000000000000000000003000333
333333333333333333333300000000000000000333000060000000033333333333333300600333333000000100000010000003333333
333333333333333333331377777777777777777330000000000000333333333333333310000333333777777177777717777777333333
333333333333333333333377777777777777773333333333333333333333333333333333333333333777777177777717777777333333