0000000000000000000000000000000000000000000000000000000000000000000000000000000000000000000000000000
0000000000000000000000000000000000000000000000000000000000000000000000000000000000000000000000000000
0000000000000000000000000000000000000000000000000000000000000000000000000000000000000000000000000000
0000000000000000000000000000000000000000000000000000000000000000000000000000000000000000000000000000
0000000000000000000000000000000000000000000000000000000000000000000000000000000000000000000000000000
0000000000000000000000000000000000000000000000000000000000000000000000000000000000000000000000000000
0000000000000000000000000000000000000000000000000000000000000000000000000000000000000200000000200000
0000000000000000000000000000000000000000000000000000000000000000000000000000000000000000000002220000
0000000000000000000000000000010000000000000000000000000000000000000000000000000000000000000000200000
0000000000000000000000000000000000100000000000000000000000000000000000000000000000000000000000000000
0000000000000000000000002000000000100000000000000000000111000000000000000000000000001111100000000000
0000000000000000000000000000000000100000000000000000000000000000000000000000000000000000000000000000
0000000000000000000000000000000000100000000000000000000000000000000000000000000000000000000000000000
0000000000000000000000000000000000100000000000011100000000000011100000000000012100000000000000000000
0000000000000000000000011100000000100000000000000000000000000000000000000000000000000000000000000000
0000000000000000001000000000000000100020000110000000000000000000000000000000000000000000000000000000
0000000000000000011000000000000000100000000000000000000000000000000010000000000000000000000000000000
0000000000000000111000000000000000100000000000000000000000000000000111000000000000000000000000000000
0000000000000001111000000000000000100000000000000000000000000000001111100000000000000000000000000000
0000000000000011111000000000000000100000000000000000000000000000011111110000000000000000000000000000
0000000000000000000000000000000000000000000000000000000000000000000000000000000000000000000000000000
0000000000000000000000000000000000000000000000000000000000000000000000000000000000000000000000000000
0000000000000000000000000000000000000000000000000000000000000000000000000000000000000000000000000000
0000000000000000000000000000000000000000000000000000000000000000000000000000000000000000000000000000
0000000000000000000000000000000000000000000000000000000000000000000000000000000000000000000000000000
0000000000000000000000000000000000000000000000000000000000000000000000000000000000000000000000000000
0000000000000000000000000000000000000000000000000000000000000000000000000000000000000000000000000000